name: verifai-env
channels:
  - conda-forge
  - defaults
dependencies:
  - annotated-types=0.7.0=pyhd8ed1ab_1
  - asgiref=3.8.1=pyhd8ed1ab_1
  - blas=1.0=mkl
  - brotli-python=1.0.9=py310h00ffb61_8
  - bzip2=1.0.8=h2bbff1b_6
  - ca-certificates=2025.2.25=haa95532_0
  - catalogue=2.0.10=py310h5588dad_1
  - certifi=2025.4.26=py310haa95532_0
  - charset-normalizer=3.4.2=pyhd8ed1ab_0
  - click=8.2.1=pyh7428d3b_0
  - cloudpathlib=0.21.1=pyhd8ed1ab_0
  - colorama=0.4.6=pyhd8ed1ab_1
  - confection=0.1.5=pyhecae5ae_0
  - cymem=2.0.6=py310h5da7b33_1
  - cython-blis=1.0.1=py310h827c3e9_0
  - django=5.2.3=pyhd8ed1ab_0
  - expat=2.7.1=h8ddb27b_0
  - icc_rt=2022.1.0=h6049295_2
  - idna=3.10=pyhd8ed1ab_1
  - intel-openmp=2025.1.0=h57928b3_980
  - jinja2=2.11.3=pyhd8ed1ab_2
  - joblib=1.4.2=py310haa95532_0
  - langcodes=3.3.0=pyhd3eb1b0_0
  - libffi=3.4.4=hd77b12b_1
  - markdown-it-py=3.0.0=pyhd8ed1ab_1
  - markupsafe=1.1.1=py310he2412df_4
  - mdurl=0.1.2=pyhd8ed1ab_1
  - mkl=2023.2.0=h6a75c08_49573
  - mkl-service=2.4.0=py310h827c3e9_2
  - mkl_fft=1.3.11=py310h827c3e9_0
  - mkl_random=1.2.8=py310hc64d2fc_0
  - murmurhash=1.0.12=py310h5da7b33_0
  - numpy=2.2.5=py310h5f75535_0
  - numpy-base=2.2.5=py310h23d94f8_0
  - openssl=3.0.16=h3f729d1_0
  - packaging=25.0=pyh29332c3_1
  - pip=25.1=pyhc872135_2
  - preshed=3.0.9=py310h5da7b33_0
  - pydantic=2.10.1=pyh10f6f8f_0
  - pydantic-core=2.27.1=py310h636fa0f_0
  - pygments=2.19.1=pyhd8ed1ab_0
  - pysocks=1.7.1=pyh09c184e_7
  - python=3.10.18=h981015d_0
  - python_abi=3.10=2_cp310
  - requests=2.32.4=pyhd8ed1ab_0
  - rich=13.9.4=pyhd8ed1ab_1
  - scikit-learn=1.6.1=py310h585ebfc_0
  - scipy=1.15.3=py310h180bac5_0
  - setuptools=70.3.0=pyhd8ed1ab_0
  - shellingham=1.5.4=pyhd8ed1ab_1
  - smart-open=7.1.0=hd8ed1ab_0
  - smart_open=7.1.0=pyhd8ed1ab_0
  - spacy=3.8.2=py310h214f63a_0
  - spacy-legacy=3.0.12=pyhd8ed1ab_0
  - spacy-loggers=1.0.5=pyhd8ed1ab_0
  - sqlite=3.45.3=h2bbff1b_0
  - sqlparse=0.5.3=pyhd8ed1ab_0
  - srsly=2.5.1=py310h5da7b33_0
  - tbb=2021.8.0=h59b6b97_0
  - thinc=8.3.2=py310h214f63a_1
  - threadpoolctl=3.5.0=py310h9909e9c_0
  - tk=8.6.14=h5e9d12e_1
  - tqdm=4.67.1=pyhd8ed1ab_1
  - typer=0.9.4=pyhd8ed1ab_0
  - typing-extensions=4.14.0=h32cad80_0
  - typing_extensions=4.14.0=pyhe01879c_0
  - tzdata=2025b=h04d1e81_0
  - ucrt=10.0.22621.0=h57928b3_1
  - urllib3=2.2.1=pyhd8ed1ab_0
  - vc=14.42=haa95532_5
  - vs2015_runtime=14.42.34433=hbfb602d_5
  - wasabi=1.1.3=pyhd8ed1ab_1
  - weasel=0.4.1=pyhd8ed1ab_2
  - wheel=0.45.1=py310haa95532_0
  - win_inet_pton=1.1.0=pyh7428d3b_8
  - wrapt=1.17.0=py310h827c3e9_0
  - xz=5.6.4=h4754444_1
  - zlib=1.2.13=h8cc25b3_1
  - pip:
      - en-core-web-lg==3.8.0
prefix: M:\anaconda3\envs\verifai-env
